[soe][Equalizer#0#left]
band0Gain=-1.1400000000000006
band1Gain=0.3500000000000014
band2Gain=-0.6499999999999986
band3Gain=-0.25
band6Gain=1.1099999999999994
band7Gain=-0.21999999999999886

[soe][Equalizer#0#right]
band0Gain=-1.1400000000000006
band1Gain=0.3500000000000014
band2Gain=-0.6499999999999986
band3Gain=-0.25
band6Gain=1.1099999999999994
band7Gain=-0.21999999999999886
